%YAML:1.0
---
camera_matrix: !!opencv-matrix
   rows: 3
   cols: 3
   dt: d
   data: [ 511.82316520891828, 0., 330.06320727997041, 0.,
       511.07788386823188, 238.25215176895972, 0., 0., 1. ]
dist_coeffs: !!opencv-matrix
   rows: 1
   cols: 5
   dt: d
   data: [ 0.033344287768654994, 0.10534647555781654,
       -0.0076296664885127565, 0.0087677871961559586,
       -0.28236482071326979 ]
reprojection_error: 0.90984816370453736
