%YAML:1.0
---
camera_matrix: !!opencv-matrix
   rows: 3
   cols: 3
   dt: d
   data: [ 412.09991851573983, 0., 320.88694183680911, 0.,
       412.43160595599483, 227.82879249798967, 0., 0., 1. ]
dist_coeffs: !!opencv-matrix
   rows: 1
   cols: 5
   dt: d
   data: [ 0.128852275200394, -0.27831387497850668,
       -0.014003032143169144, 0.00059401724210182455,
       0.18664013655045261 ]
reprojection_error: 0.7783927393435347
