%YAML:1.0
---
camera_matrix: !!opencv-matrix
   rows: 3
   cols: 3
   dt: d
   data: [ 408.53857094865475, 0., 296.75805105082497, 0.,
       404.85823960221512, 237.81113860089721, 0., 0., 1. ]
dist_coeffs: !!opencv-matrix
   rows: 1
   cols: 5
   dt: d
   data: [ 0.057453398720478027, -0.042406388508719535,
       -0.00019837091375477439, -0.017934477513450987,
       -0.12449883186344132 ]
reprojection_error: 0.8154348675711276
